1532,24566,996,12102
